timestamp,dataNum,antennaID,beaconID,beaconMac,beaconUUID,beaconRSSI,(office room2.11 no_path_loss)
2018-06-14 12:55:29.230954,1,2,1,c1:00:dd:00:01:de,e2c56db5-dffb-48d2-b060-d0f5a71096e0,-57
2018-06-14 12:55:29.435022,2,2,1,c1:00:dd:00:01:de,e2c56db5-dffb-48d2-b060-d0f5a71096e0,-58
2018-06-14 12:55:29.644408,3,2,1,c1:00:dd:00:01:de,e2c56db5-dffb-48d2-b060-d0f5a71096e0,-41
2018-06-14 12:55:29.851819,4,2,1,c1:00:dd:00:01:de,e2c56db5-dffb-48d2-b060-d0f5a71096e0,-54
2018-06-14 12:55:29.859613,5,2,1,c1:00:dd:00:01:de,e2c56db5-dffb-48d2-b060-d0f5a71096e0,-58
2018-06-14 12:55:30.063638,6,2,1,c1:00:dd:00:01:de,e2c56db5-dffb-48d2-b060-d0f5a71096e0,-54
2018-06-14 12:55:30.269203,7,2,1,c1:00:dd:00:01:de,e2c56db5-dffb-48d2-b060-d0f5a71096e0,-55
2018-06-14 12:55:30.477810,8,2,1,c1:00:dd:00:01:de,e2c56db5-dffb-48d2-b060-d0f5a71096e0,-55
2018-06-14 12:55:30.876130,9,2,1,c1:00:dd:00:01:de,e2c56db5-dffb-48d2-b060-d0f5a71096e0,-57
2018-06-14 12:55:31.080136,10,2,1,c1:00:dd:00:01:de,e2c56db5-dffb-48d2-b060-d0f5a71096e0,-40
2018-06-14 12:55:31.288588,11,2,1,c1:00:dd:00:01:de,e2c56db5-dffb-48d2-b060-d0f5a71096e0,-56
2018-06-14 12:55:31.497736,12,2,1,c1:00:dd:00:01:de,e2c56db5-dffb-48d2-b060-d0f5a71096e0,-54
2018-06-14 12:55:31.707405,13,2,1,c1:00:dd:00:01:de,e2c56db5-dffb-48d2-b060-d0f5a71096e0,-55
2018-06-14 12:55:31.913966,14,2,1,c1:00:dd:00:01:de,e2c56db5-dffb-48d2-b060-d0f5a71096e0,-45
2018-06-14 12:55:32.110828,15,2,1,c1:00:dd:00:01:de,e2c56db5-dffb-48d2-b060-d0f5a71096e0,-57
2018-06-14 12:55:32.528701,16,2,1,c1:00:dd:00:01:de,e2c56db5-dffb-48d2-b060-d0f5a71096e0,-57
2018-06-14 12:55:32.951114,17,2,1,c1:00:dd:00:01:de,e2c56db5-dffb-48d2-b060-d0f5a71096e0,-54
2018-06-14 12:55:33.153668,18,2,1,c1:00:dd:00:01:de,e2c56db5-dffb-48d2-b060-d0f5a71096e0,-57
2018-06-14 12:55:33.352134,19,2,1,c1:00:dd:00:01:de,e2c56db5-dffb-48d2-b060-d0f5a71096e0,-41
2018-06-14 12:55:33.541896,20,2,1,c1:00:dd:00:01:de,e2c56db5-dffb-48d2-b060-d0f5a71096e0,-56
2018-06-14 12:55:33.757268,21,2,1,c1:00:dd:00:01:de,e2c56db5-dffb-48d2-b060-d0f5a71096e0,-54
2018-06-14 12:55:34.571157,22,2,1,c1:00:dd:00:01:de,e2c56db5-dffb-48d2-b060-d0f5a71096e0,-59
2018-06-14 12:55:34.769410,23,2,1,c1:00:dd:00:01:de,e2c56db5-dffb-48d2-b060-d0f5a71096e0,-55
2018-06-14 12:55:34.973737,24,2,1,c1:00:dd:00:01:de,e2c56db5-dffb-48d2-b060-d0f5a71096e0,-57
2018-06-14 12:55:35.176383,25,2,1,c1:00:dd:00:01:de,e2c56db5-dffb-48d2-b060-d0f5a71096e0,-58
2018-06-14 12:55:35.381136,26,2,1,c1:00:dd:00:01:de,e2c56db5-dffb-48d2-b060-d0f5a71096e0,-58
2018-06-14 12:55:35.584779,27,2,1,c1:00:dd:00:01:de,e2c56db5-dffb-48d2-b060-d0f5a71096e0,-55
2018-06-14 12:55:35.792949,28,2,1,c1:00:dd:00:01:de,e2c56db5-dffb-48d2-b060-d0f5a71096e0,-55
2018-06-14 12:55:35.992767,29,2,1,c1:00:dd:00:01:de,e2c56db5-dffb-48d2-b060-d0f5a71096e0,-56
2018-06-14 12:55:36.406827,30,2,1,c1:00:dd:00:01:de,e2c56db5-dffb-48d2-b060-d0f5a71096e0,-57
2018-06-14 12:55:36.609584,31,2,1,c1:00:dd:00:01:de,e2c56db5-dffb-48d2-b060-d0f5a71096e0,-55
2018-06-14 12:55:36.810065,32,2,1,c1:00:dd:00:01:de,e2c56db5-dffb-48d2-b060-d0f5a71096e0,-55
2018-06-14 12:55:37.017784,33,2,1,c1:00:dd:00:01:de,e2c56db5-dffb-48d2-b060-d0f5a71096e0,-55
2018-06-14 12:55:37.219491,34,2,1,c1:00:dd:00:01:de,e2c56db5-dffb-48d2-b060-d0f5a71096e0,-54
2018-06-14 12:55:37.434716,35,2,1,c1:00:dd:00:01:de,e2c56db5-dffb-48d2-b060-d0f5a71096e0,-45
2018-06-14 12:55:37.637480,36,2,1,c1:00:dd:00:01:de,e2c56db5-dffb-48d2-b060-d0f5a71096e0,-58
2018-06-14 12:55:37.843126,37,2,1,c1:00:dd:00:01:de,e2c56db5-dffb-48d2-b060-d0f5a71096e0,-58
2018-06-14 12:55:38.053156,38,2,1,c1:00:dd:00:01:de,e2c56db5-dffb-48d2-b060-d0f5a71096e0,-58
2018-06-14 12:55:38.258222,39,2,1,c1:00:dd:00:01:de,e2c56db5-dffb-48d2-b060-d0f5a71096e0,-55
2018-06-14 12:55:38.458309,40,2,1,c1:00:dd:00:01:de,e2c56db5-dffb-48d2-b060-d0f5a71096e0,-57
2018-06-14 12:55:38.665448,41,2,1,c1:00:dd:00:01:de,e2c56db5-dffb-48d2-b060-d0f5a71096e0,-56
2018-06-14 12:55:39.279724,42,2,1,c1:00:dd:00:01:de,e2c56db5-dffb-48d2-b060-d0f5a71096e0,-55
2018-06-14 12:55:39.483050,43,2,1,c1:00:dd:00:01:de,e2c56db5-dffb-48d2-b060-d0f5a71096e0,-55
2018-06-14 12:55:39.686933,44,2,1,c1:00:dd:00:01:de,e2c56db5-dffb-48d2-b060-d0f5a71096e0,-54
2018-06-14 12:55:40.315026,45,2,1,c1:00:dd:00:01:de,e2c56db5-dffb-48d2-b060-d0f5a71096e0,-58
2018-06-14 12:55:40.522667,46,2,1,c1:00:dd:00:01:de,e2c56db5-dffb-48d2-b060-d0f5a71096e0,-41
2018-06-14 12:55:40.722406,47,2,1,c1:00:dd:00:01:de,e2c56db5-dffb-48d2-b060-d0f5a71096e0,-55
2018-06-14 12:55:40.918157,48,2,1,c1:00:dd:00:01:de,e2c56db5-dffb-48d2-b060-d0f5a71096e0,-56
2018-06-14 12:55:41.334414,49,2,1,c1:00:dd:00:01:de,e2c56db5-dffb-48d2-b060-d0f5a71096e0,-57
2018-06-14 12:55:41.532571,50,2,1,c1:00:dd:00:01:de,e2c56db5-dffb-48d2-b060-d0f5a71096e0,-40
start saving
2018-06-14 12:55:41.742289,51,2,1,c1:00:dd:00:01:de,e2c56db5-dffb-48d2-b060-d0f5a71096e0,-55
2018-06-14 12:55:41.949059,52,2,1,c1:00:dd:00:01:de,e2c56db5-dffb-48d2-b060-d0f5a71096e0,-55
2018-06-14 12:55:42.350931,53,2,1,c1:00:dd:00:01:de,e2c56db5-dffb-48d2-b060-d0f5a71096e0,-56
2018-06-14 12:55:42.777215,54,2,1,c1:00:dd:00:01:de,e2c56db5-dffb-48d2-b060-d0f5a71096e0,-59
2018-06-14 12:55:42.963642,55,2,1,c1:00:dd:00:01:de,e2c56db5-dffb-48d2-b060-d0f5a71096e0,-56
2018-06-14 12:55:43.161131,56,2,1,c1:00:dd:00:01:de,e2c56db5-dffb-48d2-b060-d0f5a71096e0,-46
2018-06-14 12:55:43.368235,57,2,1,c1:00:dd:00:01:de,e2c56db5-dffb-48d2-b060-d0f5a71096e0,-56
2018-06-14 12:55:43.782699,58,2,1,c1:00:dd:00:01:de,e2c56db5-dffb-48d2-b060-d0f5a71096e0,-57
2018-06-14 12:55:43.982187,59,2,1,c1:00:dd:00:01:de,e2c56db5-dffb-48d2-b060-d0f5a71096e0,-55
2018-06-14 12:55:44.390837,60,2,1,c1:00:dd:00:01:de,e2c56db5-dffb-48d2-b060-d0f5a71096e0,-45
2018-06-14 12:55:44.802670,61,2,1,c1:00:dd:00:01:de,e2c56db5-dffb-48d2-b060-d0f5a71096e0,-59
2018-06-14 12:55:45.001451,62,2,1,c1:00:dd:00:01:de,e2c56db5-dffb-48d2-b060-d0f5a71096e0,-55
2018-06-14 12:55:45.220182,63,2,1,c1:00:dd:00:01:de,e2c56db5-dffb-48d2-b060-d0f5a71096e0,-54
2018-06-14 12:55:45.429371,64,2,1,c1:00:dd:00:01:de,e2c56db5-dffb-48d2-b060-d0f5a71096e0,-54
2018-06-14 12:55:45.629165,65,2,1,c1:00:dd:00:01:de,e2c56db5-dffb-48d2-b060-d0f5a71096e0,-41
2018-06-14 12:55:45.837351,66,2,1,c1:00:dd:00:01:de,e2c56db5-dffb-48d2-b060-d0f5a71096e0,-58
2018-06-14 12:55:46.027693,67,2,1,c1:00:dd:00:01:de,e2c56db5-dffb-48d2-b060-d0f5a71096e0,-55
2018-06-14 12:55:46.246034,68,2,1,c1:00:dd:00:01:de,e2c56db5-dffb-48d2-b060-d0f5a71096e0,-55
2018-06-14 12:55:46.449474,69,2,1,c1:00:dd:00:01:de,e2c56db5-dffb-48d2-b060-d0f5a71096e0,-56
2018-06-14 12:55:46.656003,70,2,1,c1:00:dd:00:01:de,e2c56db5-dffb-48d2-b060-d0f5a71096e0,-55
2018-06-14 12:55:47.261806,71,2,1,c1:00:dd:00:01:de,e2c56db5-dffb-48d2-b060-d0f5a71096e0,-55
2018-06-14 12:55:47.461578,72,2,1,c1:00:dd:00:01:de,e2c56db5-dffb-48d2-b060-d0f5a71096e0,-55
2018-06-14 12:55:47.664363,73,2,1,c1:00:dd:00:01:de,e2c56db5-dffb-48d2-b060-d0f5a71096e0,-56
2018-06-14 12:55:47.872286,74,2,1,c1:00:dd:00:01:de,e2c56db5-dffb-48d2-b060-d0f5a71096e0,-54
2018-06-14 12:55:48.077935,75,2,1,c1:00:dd:00:01:de,e2c56db5-dffb-48d2-b060-d0f5a71096e0,-58
2018-06-14 12:55:48.279517,76,2,1,c1:00:dd:00:01:de,e2c56db5-dffb-48d2-b060-d0f5a71096e0,-40
2018-06-14 12:55:48.486554,77,2,1,c1:00:dd:00:01:de,e2c56db5-dffb-48d2-b060-d0f5a71096e0,-55
2018-06-14 12:55:48.686091,78,2,1,c1:00:dd:00:01:de,e2c56db5-dffb-48d2-b060-d0f5a71096e0,-56
2018-06-14 12:55:49.094391,79,2,1,c1:00:dd:00:01:de,e2c56db5-dffb-48d2-b060-d0f5a71096e0,-57
2018-06-14 12:55:49.302884,80,2,1,c1:00:dd:00:01:de,e2c56db5-dffb-48d2-b060-d0f5a71096e0,-59
2018-06-14 12:55:49.503789,81,2,1,c1:00:dd:00:01:de,e2c56db5-dffb-48d2-b060-d0f5a71096e0,-55
2018-06-14 12:55:49.703784,82,2,1,c1:00:dd:00:01:de,e2c56db5-dffb-48d2-b060-d0f5a71096e0,-56
2018-06-14 12:55:49.907298,83,2,1,c1:00:dd:00:01:de,e2c56db5-dffb-48d2-b060-d0f5a71096e0,-59
2018-06-14 12:55:50.106812,84,2,1,c1:00:dd:00:01:de,e2c56db5-dffb-48d2-b060-d0f5a71096e0,-55
2018-06-14 12:55:50.307021,85,2,1,c1:00:dd:00:01:de,e2c56db5-dffb-48d2-b060-d0f5a71096e0,-54
2018-06-14 12:55:50.515562,86,2,1,c1:00:dd:00:01:de,e2c56db5-dffb-48d2-b060-d0f5a71096e0,-54
2018-06-14 12:55:50.724369,87,2,1,c1:00:dd:00:01:de,e2c56db5-dffb-48d2-b060-d0f5a71096e0,-57
2018-06-14 12:55:51.127727,88,2,1,c1:00:dd:00:01:de,e2c56db5-dffb-48d2-b060-d0f5a71096e0,-57
2018-06-14 12:55:51.328197,89,2,1,c1:00:dd:00:01:de,e2c56db5-dffb-48d2-b060-d0f5a71096e0,-55
2018-06-14 12:55:51.542124,90,2,1,c1:00:dd:00:01:de,e2c56db5-dffb-48d2-b060-d0f5a71096e0,-57
2018-06-14 12:55:51.742236,91,2,1,c1:00:dd:00:01:de,e2c56db5-dffb-48d2-b060-d0f5a71096e0,-40
2018-06-14 12:55:52.569768,92,2,1,c1:00:dd:00:01:de,e2c56db5-dffb-48d2-b060-d0f5a71096e0,-40
2018-06-14 12:55:52.973295,93,2,1,c1:00:dd:00:01:de,e2c56db5-dffb-48d2-b060-d0f5a71096e0,-54
2018-06-14 12:55:53.181346,94,2,1,c1:00:dd:00:01:de,e2c56db5-dffb-48d2-b060-d0f5a71096e0,-40
2018-06-14 12:55:53.589145,95,2,1,c1:00:dd:00:01:de,e2c56db5-dffb-48d2-b060-d0f5a71096e0,-55
2018-06-14 12:55:53.793856,96,2,1,c1:00:dd:00:01:de,e2c56db5-dffb-48d2-b060-d0f5a71096e0,-54
2018-06-14 12:55:53.994457,97,2,1,c1:00:dd:00:01:de,e2c56db5-dffb-48d2-b060-d0f5a71096e0,-56
2018-06-14 12:55:54.608771,98,2,1,c1:00:dd:00:01:de,e2c56db5-dffb-48d2-b060-d0f5a71096e0,-41
2018-06-14 12:55:54.829881,99,2,1,c1:00:dd:00:01:de,e2c56db5-dffb-48d2-b060-d0f5a71096e0,-55
2018-06-14 12:55:55.035947,100,2,1,c1:00:dd:00:01:de,e2c56db5-dffb-48d2-b060-d0f5a71096e0,-54
2018-06-14 12:55:55.440260,101,2,1,c1:00:dd:00:01:de,e2c56db5-dffb-48d2-b060-d0f5a71096e0,-55
2018-06-14 12:55:55.645909,102,2,1,c1:00:dd:00:01:de,e2c56db5-dffb-48d2-b060-d0f5a71096e0,-59
2018-06-14 12:55:55.854528,103,2,1,c1:00:dd:00:01:de,e2c56db5-dffb-48d2-b060-d0f5a71096e0,-57
2018-06-14 12:55:56.060427,104,2,1,c1:00:dd:00:01:de,e2c56db5-dffb-48d2-b060-d0f5a71096e0,-54
2018-06-14 12:55:56.259273,105,2,1,c1:00:dd:00:01:de,e2c56db5-dffb-48d2-b060-d0f5a71096e0,-54
2018-06-14 12:55:56.465993,106,2,1,c1:00:dd:00:01:de,e2c56db5-dffb-48d2-b060-d0f5a71096e0,-55
2018-06-14 12:55:56.675873,107,2,1,c1:00:dd:00:01:de,e2c56db5-dffb-48d2-b060-d0f5a71096e0,-55
2018-06-14 12:55:56.877598,108,2,1,c1:00:dd:00:01:de,e2c56db5-dffb-48d2-b060-d0f5a71096e0,-55
2018-06-14 12:55:57.702570,109,2,1,c1:00:dd:00:01:de,e2c56db5-dffb-48d2-b060-d0f5a71096e0,-55
2018-06-14 12:55:57.907187,110,2,1,c1:00:dd:00:01:de,e2c56db5-dffb-48d2-b060-d0f5a71096e0,-40
2018-06-14 12:55:58.115298,111,2,1,c1:00:dd:00:01:de,e2c56db5-dffb-48d2-b060-d0f5a71096e0,-40
2018-06-14 12:55:58.316804,112,2,1,c1:00:dd:00:01:de,e2c56db5-dffb-48d2-b060-d0f5a71096e0,-55
2018-06-14 12:55:58.525598,113,2,1,c1:00:dd:00:01:de,e2c56db5-dffb-48d2-b060-d0f5a71096e0,-55
2018-06-14 12:55:58.929582,114,2,1,c1:00:dd:00:01:de,e2c56db5-dffb-48d2-b060-d0f5a71096e0,-41
2018-06-14 12:55:59.128554,115,2,1,c1:00:dd:00:01:de,e2c56db5-dffb-48d2-b060-d0f5a71096e0,-55
2018-06-14 12:55:59.331878,116,2,1,c1:00:dd:00:01:de,e2c56db5-dffb-48d2-b060-d0f5a71096e0,-56
2018-06-14 12:55:59.546539,117,2,1,c1:00:dd:00:01:de,e2c56db5-dffb-48d2-b060-d0f5a71096e0,-54
2018-06-14 12:55:59.951027,118,2,1,c1:00:dd:00:01:de,e2c56db5-dffb-48d2-b060-d0f5a71096e0,-58
2018-06-14 12:56:00.159887,119,2,1,c1:00:dd:00:01:de,e2c56db5-dffb-48d2-b060-d0f5a71096e0,-57
2018-06-14 12:56:00.374066,120,2,1,c1:00:dd:00:01:de,e2c56db5-dffb-48d2-b060-d0f5a71096e0,-59
2018-06-14 12:56:00.584034,121,2,1,c1:00:dd:00:01:de,e2c56db5-dffb-48d2-b060-d0f5a71096e0,-59
2018-06-14 12:56:00.789653,122,2,1,c1:00:dd:00:01:de,e2c56db5-dffb-48d2-b060-d0f5a71096e0,-54
2018-06-14 12:56:00.991630,123,2,1,c1:00:dd:00:01:de,e2c56db5-dffb-48d2-b060-d0f5a71096e0,-54
2018-06-14 12:56:01.397497,124,2,1,c1:00:dd:00:01:de,e2c56db5-dffb-48d2-b060-d0f5a71096e0,-55
2018-06-14 12:56:01.611984,125,2,1,c1:00:dd:00:01:de,e2c56db5-dffb-48d2-b060-d0f5a71096e0,-54
2018-06-14 12:56:01.816004,126,2,1,c1:00:dd:00:01:de,e2c56db5-dffb-48d2-b060-d0f5a71096e0,-57
2018-06-14 12:56:02.017709,127,2,1,c1:00:dd:00:01:de,e2c56db5-dffb-48d2-b060-d0f5a71096e0,-55
2018-06-14 12:56:02.227411,128,2,1,c1:00:dd:00:01:de,e2c56db5-dffb-48d2-b060-d0f5a71096e0,-55
2018-06-14 12:56:02.422422,129,2,1,c1:00:dd:00:01:de,e2c56db5-dffb-48d2-b060-d0f5a71096e0,-56
2018-06-14 12:56:02.631885,130,2,1,c1:00:dd:00:01:de,e2c56db5-dffb-48d2-b060-d0f5a71096e0,-54
2018-06-14 12:56:03.042784,131,2,1,c1:00:dd:00:01:de,e2c56db5-dffb-48d2-b060-d0f5a71096e0,-59
2018-06-14 12:56:03.250892,132,2,1,c1:00:dd:00:01:de,e2c56db5-dffb-48d2-b060-d0f5a71096e0,-41
2018-06-14 12:56:03.450871,133,2,1,c1:00:dd:00:01:de,e2c56db5-dffb-48d2-b060-d0f5a71096e0,-39
2018-06-14 12:56:03.658451,134,2,1,c1:00:dd:00:01:de,e2c56db5-dffb-48d2-b060-d0f5a71096e0,-56
2018-06-14 12:56:04.279499,135,2,1,c1:00:dd:00:01:de,e2c56db5-dffb-48d2-b060-d0f5a71096e0,-57
2018-06-14 12:56:04.484681,136,2,1,c1:00:dd:00:01:de,e2c56db5-dffb-48d2-b060-d0f5a71096e0,-41
2018-06-14 12:56:04.685856,137,2,1,c1:00:dd:00:01:de,e2c56db5-dffb-48d2-b060-d0f5a71096e0,-40
2018-06-14 12:56:05.301905,138,2,1,c1:00:dd:00:01:de,e2c56db5-dffb-48d2-b060-d0f5a71096e0,-56
2018-06-14 12:56:05.499682,139,2,1,c1:00:dd:00:01:de,e2c56db5-dffb-48d2-b060-d0f5a71096e0,-57
2018-06-14 12:56:05.699576,140,2,1,c1:00:dd:00:01:de,e2c56db5-dffb-48d2-b060-d0f5a71096e0,-55
2018-06-14 12:56:05.908088,141,2,1,c1:00:dd:00:01:de,e2c56db5-dffb-48d2-b060-d0f5a71096e0,-55
2018-06-14 12:56:06.114963,142,2,1,c1:00:dd:00:01:de,e2c56db5-dffb-48d2-b060-d0f5a71096e0,-51
2018-06-14 12:56:06.314951,143,2,1,c1:00:dd:00:01:de,e2c56db5-dffb-48d2-b060-d0f5a71096e0,-55
2018-06-14 12:56:06.521994,144,2,1,c1:00:dd:00:01:de,e2c56db5-dffb-48d2-b060-d0f5a71096e0,-58
2018-06-14 12:56:06.721051,145,2,1,c1:00:dd:00:01:de,e2c56db5-dffb-48d2-b060-d0f5a71096e0,-55
2018-06-14 12:56:06.928690,146,2,1,c1:00:dd:00:01:de,e2c56db5-dffb-48d2-b060-d0f5a71096e0,-40
2018-06-14 12:56:07.147343,147,2,1,c1:00:dd:00:01:de,e2c56db5-dffb-48d2-b060-d0f5a71096e0,-54
2018-06-14 12:56:07.343348,148,2,1,c1:00:dd:00:01:de,e2c56db5-dffb-48d2-b060-d0f5a71096e0,-56
2018-06-14 12:56:07.757768,149,2,1,c1:00:dd:00:01:de,e2c56db5-dffb-48d2-b060-d0f5a71096e0,-58
2018-06-14 12:56:07.959029,150,2,1,c1:00:dd:00:01:de,e2c56db5-dffb-48d2-b060-d0f5a71096e0,-55
2018-06-14 12:56:08.158573,151,2,1,c1:00:dd:00:01:de,e2c56db5-dffb-48d2-b060-d0f5a71096e0,-55
2018-06-14 12:56:08.357378,152,2,1,c1:00:dd:00:01:de,e2c56db5-dffb-48d2-b060-d0f5a71096e0,-57
2018-06-14 12:56:08.983919,153,2,1,c1:00:dd:00:01:de,e2c56db5-dffb-48d2-b060-d0f5a71096e0,-42
2018-06-14 12:56:09.192027,154,2,1,c1:00:dd:00:01:de,e2c56db5-dffb-48d2-b060-d0f5a71096e0,-58
2018-06-14 12:56:09.395527,155,2,1,c1:00:dd:00:01:de,e2c56db5-dffb-48d2-b060-d0f5a71096e0,-40
2018-06-14 12:56:09.601880,156,2,1,c1:00:dd:00:01:de,e2c56db5-dffb-48d2-b060-d0f5a71096e0,-56
2018-06-14 12:56:09.804644,157,2,1,c1:00:dd:00:01:de,e2c56db5-dffb-48d2-b060-d0f5a71096e0,-45
2018-06-14 12:56:10.006825,158,2,1,c1:00:dd:00:01:de,e2c56db5-dffb-48d2-b060-d0f5a71096e0,-59
2018-06-14 12:56:10.209803,159,2,1,c1:00:dd:00:01:de,e2c56db5-dffb-48d2-b060-d0f5a71096e0,-55
2018-06-14 12:56:10.419421,160,2,1,c1:00:dd:00:01:de,e2c56db5-dffb-48d2-b060-d0f5a71096e0,-55
2018-06-14 12:56:10.632305,161,2,1,c1:00:dd:00:01:de,e2c56db5-dffb-48d2-b060-d0f5a71096e0,-55
2018-06-14 12:56:10.837522,162,2,1,c1:00:dd:00:01:de,e2c56db5-dffb-48d2-b060-d0f5a71096e0,-54
2018-06-14 12:56:11.038489,163,2,1,c1:00:dd:00:01:de,e2c56db5-dffb-48d2-b060-d0f5a71096e0,-56
2018-06-14 12:56:11.243234,164,2,1,c1:00:dd:00:01:de,e2c56db5-dffb-48d2-b060-d0f5a71096e0,-40
2018-06-14 12:56:11.449234,165,2,1,c1:00:dd:00:01:de,e2c56db5-dffb-48d2-b060-d0f5a71096e0,-59
2018-06-14 12:56:11.648225,166,2,1,c1:00:dd:00:01:de,e2c56db5-dffb-48d2-b060-d0f5a71096e0,-58
2018-06-14 12:56:11.847402,167,2,1,c1:00:dd:00:01:de,e2c56db5-dffb-48d2-b060-d0f5a71096e0,-55
2018-06-14 12:56:12.046583,168,2,1,c1:00:dd:00:01:de,e2c56db5-dffb-48d2-b060-d0f5a71096e0,-57
2018-06-14 12:56:12.256592,169,2,1,c1:00:dd:00:01:de,e2c56db5-dffb-48d2-b060-d0f5a71096e0,-57
2018-06-14 12:56:12.468472,170,2,1,c1:00:dd:00:01:de,e2c56db5-dffb-48d2-b060-d0f5a71096e0,-59
2018-06-14 12:56:12.669521,171,2,1,c1:00:dd:00:01:de,e2c56db5-dffb-48d2-b060-d0f5a71096e0,-55
2018-06-14 12:56:12.870205,172,2,1,c1:00:dd:00:01:de,e2c56db5-dffb-48d2-b060-d0f5a71096e0,-40
2018-06-14 12:56:13.071398,173,2,1,c1:00:dd:00:01:de,e2c56db5-dffb-48d2-b060-d0f5a71096e0,-56
2018-06-14 12:56:13.277361,174,2,1,c1:00:dd:00:01:de,e2c56db5-dffb-48d2-b060-d0f5a71096e0,-45
2018-06-14 12:56:13.492267,175,2,1,c1:00:dd:00:01:de,e2c56db5-dffb-48d2-b060-d0f5a71096e0,-55
2018-06-14 12:56:13.702132,176,2,1,c1:00:dd:00:01:de,e2c56db5-dffb-48d2-b060-d0f5a71096e0,-57
2018-06-14 12:56:14.109557,177,2,1,c1:00:dd:00:01:de,e2c56db5-dffb-48d2-b060-d0f5a71096e0,-55
2018-06-14 12:56:14.316306,178,2,1,c1:00:dd:00:01:de,e2c56db5-dffb-48d2-b060-d0f5a71096e0,-54
2018-06-14 12:56:14.514569,179,2,1,c1:00:dd:00:01:de,e2c56db5-dffb-48d2-b060-d0f5a71096e0,-57
2018-06-14 12:56:14.717467,180,2,1,c1:00:dd:00:01:de,e2c56db5-dffb-48d2-b060-d0f5a71096e0,-56
2018-06-14 12:56:14.922103,181,2,1,c1:00:dd:00:01:de,e2c56db5-dffb-48d2-b060-d0f5a71096e0,-58
2018-06-14 12:56:15.133477,182,2,1,c1:00:dd:00:01:de,e2c56db5-dffb-48d2-b060-d0f5a71096e0,-58
2018-06-14 12:56:15.340342,183,2,1,c1:00:dd:00:01:de,e2c56db5-dffb-48d2-b060-d0f5a71096e0,-55
2018-06-14 12:56:15.547384,184,2,1,c1:00:dd:00:01:de,e2c56db5-dffb-48d2-b060-d0f5a71096e0,-55
2018-06-14 12:56:15.759798,185,2,1,c1:00:dd:00:01:de,e2c56db5-dffb-48d2-b060-d0f5a71096e0,-55
2018-06-14 12:56:15.966015,186,2,1,c1:00:dd:00:01:de,e2c56db5-dffb-48d2-b060-d0f5a71096e0,-54
2018-06-14 12:56:16.167284,187,2,1,c1:00:dd:00:01:de,e2c56db5-dffb-48d2-b060-d0f5a71096e0,-56
2018-06-14 12:56:16.375002,188,2,1,c1:00:dd:00:01:de,e2c56db5-dffb-48d2-b060-d0f5a71096e0,-56
2018-06-14 12:56:16.585588,189,2,1,c1:00:dd:00:01:de,e2c56db5-dffb-48d2-b060-d0f5a71096e0,-56
2018-06-14 12:56:16.785589,190,2,1,c1:00:dd:00:01:de,e2c56db5-dffb-48d2-b060-d0f5a71096e0,-59
2018-06-14 12:56:16.988722,191,2,1,c1:00:dd:00:01:de,e2c56db5-dffb-48d2-b060-d0f5a71096e0,-54
2018-06-14 12:56:17.189124,192,2,1,c1:00:dd:00:01:de,e2c56db5-dffb-48d2-b060-d0f5a71096e0,-55
2018-06-14 12:56:17.392245,193,2,1,c1:00:dd:00:01:de,e2c56db5-dffb-48d2-b060-d0f5a71096e0,-45
2018-06-14 12:56:17.599555,194,2,1,c1:00:dd:00:01:de,e2c56db5-dffb-48d2-b060-d0f5a71096e0,-58
2018-06-14 12:56:17.802016,195,2,1,c1:00:dd:00:01:de,e2c56db5-dffb-48d2-b060-d0f5a71096e0,-42
2018-06-14 12:56:18.011697,196,2,1,c1:00:dd:00:01:de,e2c56db5-dffb-48d2-b060-d0f5a71096e0,-42
2018-06-14 12:56:18.214459,197,2,1,c1:00:dd:00:01:de,e2c56db5-dffb-48d2-b060-d0f5a71096e0,-54
2018-06-14 12:56:18.625638,198,2,1,c1:00:dd:00:01:de,e2c56db5-dffb-48d2-b060-d0f5a71096e0,-40
2018-06-14 12:56:18.828456,199,2,1,c1:00:dd:00:01:de,e2c56db5-dffb-48d2-b060-d0f5a71096e0,-60
2018-06-14 12:56:19.040562,200,2,1,c1:00:dd:00:01:de,e2c56db5-dffb-48d2-b060-d0f5a71096e0,-42
2018-06-14 12:56:19.245788,201,2,1,c1:00:dd:00:01:de,e2c56db5-dffb-48d2-b060-d0f5a71096e0,-58
2018-06-14 12:56:19.452249,202,2,1,c1:00:dd:00:01:de,e2c56db5-dffb-48d2-b060-d0f5a71096e0,-59
2018-06-14 12:56:19.657698,203,2,1,c1:00:dd:00:01:de,e2c56db5-dffb-48d2-b060-d0f5a71096e0,-54
2018-06-14 12:56:19.867012,204,2,1,c1:00:dd:00:01:de,e2c56db5-dffb-48d2-b060-d0f5a71096e0,-55
2018-06-14 12:56:20.068140,205,2,1,c1:00:dd:00:01:de,e2c56db5-dffb-48d2-b060-d0f5a71096e0,-55
2018-06-14 12:56:20.271677,206,2,1,c1:00:dd:00:01:de,e2c56db5-dffb-48d2-b060-d0f5a71096e0,-57
2018-06-14 12:56:20.685126,207,2,1,c1:00:dd:00:01:de,e2c56db5-dffb-48d2-b060-d0f5a71096e0,-58
2018-06-14 12:56:20.884155,208,2,1,c1:00:dd:00:01:de,e2c56db5-dffb-48d2-b060-d0f5a71096e0,-55
2018-06-14 12:56:21.087058,209,2,1,c1:00:dd:00:01:de,e2c56db5-dffb-48d2-b060-d0f5a71096e0,-54
2018-06-14 12:56:21.291258,210,2,1,c1:00:dd:00:01:de,e2c56db5-dffb-48d2-b060-d0f5a71096e0,-54
2018-06-14 12:56:21.495239,211,2,1,c1:00:dd:00:01:de,e2c56db5-dffb-48d2-b060-d0f5a71096e0,-42
2018-06-14 12:56:21.703765,212,2,1,c1:00:dd:00:01:de,e2c56db5-dffb-48d2-b060-d0f5a71096e0,-58
2018-06-14 12:56:21.903538,213,2,1,c1:00:dd:00:01:de,e2c56db5-dffb-48d2-b060-d0f5a71096e0,-55
2018-06-14 12:56:22.104576,214,2,1,c1:00:dd:00:01:de,e2c56db5-dffb-48d2-b060-d0f5a71096e0,-45
2018-06-14 12:56:22.515811,215,2,1,c1:00:dd:00:01:de,e2c56db5-dffb-48d2-b060-d0f5a71096e0,-59
2018-06-14 12:56:22.723149,216,2,1,c1:00:dd:00:01:de,e2c56db5-dffb-48d2-b060-d0f5a71096e0,-42
2018-06-14 12:56:22.924410,217,2,1,c1:00:dd:00:01:de,e2c56db5-dffb-48d2-b060-d0f5a71096e0,-55
2018-06-14 12:56:23.128029,218,2,1,c1:00:dd:00:01:de,e2c56db5-dffb-48d2-b060-d0f5a71096e0,-56
2018-06-14 12:56:23.539051,219,2,1,c1:00:dd:00:01:de,e2c56db5-dffb-48d2-b060-d0f5a71096e0,-58
2018-06-14 12:56:23.745707,220,2,1,c1:00:dd:00:01:de,e2c56db5-dffb-48d2-b060-d0f5a71096e0,-59
2018-06-14 12:56:23.955133,221,2,1,c1:00:dd:00:01:de,e2c56db5-dffb-48d2-b060-d0f5a71096e0,-59
2018-06-14 12:56:24.369504,222,2,1,c1:00:dd:00:01:de,e2c56db5-dffb-48d2-b060-d0f5a71096e0,-55
2018-06-14 12:56:24.562072,223,2,1,c1:00:dd:00:01:de,e2c56db5-dffb-48d2-b060-d0f5a71096e0,-55
2018-06-14 12:56:25.178069,224,2,1,c1:00:dd:00:01:de,e2c56db5-dffb-48d2-b060-d0f5a71096e0,-58
2018-06-14 12:56:25.385709,225,2,1,c1:00:dd:00:01:de,e2c56db5-dffb-48d2-b060-d0f5a71096e0,-55
2018-06-14 12:56:25.587122,226,2,1,c1:00:dd:00:01:de,e2c56db5-dffb-48d2-b060-d0f5a71096e0,-55
2018-06-14 12:56:25.795581,227,2,1,c1:00:dd:00:01:de,e2c56db5-dffb-48d2-b060-d0f5a71096e0,-55
2018-06-14 12:56:26.004916,228,2,1,c1:00:dd:00:01:de,e2c56db5-dffb-48d2-b060-d0f5a71096e0,-40
2018-06-14 12:56:26.222871,229,2,1,c1:00:dd:00:01:de,e2c56db5-dffb-48d2-b060-d0f5a71096e0,-40
2018-06-14 12:56:26.427341,230,2,1,c1:00:dd:00:01:de,e2c56db5-dffb-48d2-b060-d0f5a71096e0,-56
2018-06-14 12:56:26.637531,231,2,1,c1:00:dd:00:01:de,e2c56db5-dffb-48d2-b060-d0f5a71096e0,-56
2018-06-14 12:56:27.043839,232,2,1,c1:00:dd:00:01:de,e2c56db5-dffb-48d2-b060-d0f5a71096e0,-58
2018-06-14 12:56:27.244766,233,2,1,c1:00:dd:00:01:de,e2c56db5-dffb-48d2-b060-d0f5a71096e0,-55
2018-06-14 12:56:27.446371,234,2,1,c1:00:dd:00:01:de,e2c56db5-dffb-48d2-b060-d0f5a71096e0,-56
2018-06-14 12:56:27.653859,235,2,1,c1:00:dd:00:01:de,e2c56db5-dffb-48d2-b060-d0f5a71096e0,-54
2018-06-14 12:56:27.863545,236,2,1,c1:00:dd:00:01:de,e2c56db5-dffb-48d2-b060-d0f5a71096e0,-56
2018-06-14 12:56:28.065365,237,2,1,c1:00:dd:00:01:de,e2c56db5-dffb-48d2-b060-d0f5a71096e0,-59
2018-06-14 12:56:28.268266,238,2,1,c1:00:dd:00:01:de,e2c56db5-dffb-48d2-b060-d0f5a71096e0,-55
2018-06-14 12:56:28.464884,239,2,1,c1:00:dd:00:01:de,e2c56db5-dffb-48d2-b060-d0f5a71096e0,-56
2018-06-14 12:56:28.671569,240,2,1,c1:00:dd:00:01:de,e2c56db5-dffb-48d2-b060-d0f5a71096e0,-56
2018-06-14 12:56:28.877637,241,2,1,c1:00:dd:00:01:de,e2c56db5-dffb-48d2-b060-d0f5a71096e0,-56
2018-06-14 12:56:29.087832,242,2,1,c1:00:dd:00:01:de,e2c56db5-dffb-48d2-b060-d0f5a71096e0,-59
2018-06-14 12:56:29.289329,243,2,1,c1:00:dd:00:01:de,e2c56db5-dffb-48d2-b060-d0f5a71096e0,-56
2018-06-14 12:56:29.488613,244,2,1,c1:00:dd:00:01:de,e2c56db5-dffb-48d2-b060-d0f5a71096e0,-56
2018-06-14 12:56:29.692593,245,2,1,c1:00:dd:00:01:de,e2c56db5-dffb-48d2-b060-d0f5a71096e0,-40
2018-06-14 12:56:30.105276,246,2,1,c1:00:dd:00:01:de,e2c56db5-dffb-48d2-b060-d0f5a71096e0,-59
2018-06-14 12:56:30.305704,247,2,1,c1:00:dd:00:01:de,e2c56db5-dffb-48d2-b060-d0f5a71096e0,-40
2018-06-14 12:56:30.508664,248,2,1,c1:00:dd:00:01:de,e2c56db5-dffb-48d2-b060-d0f5a71096e0,-56
2018-06-14 12:56:30.914128,249,2,1,c1:00:dd:00:01:de,e2c56db5-dffb-48d2-b060-d0f5a71096e0,-59
2018-06-14 12:56:31.114552,250,2,1,c1:00:dd:00:01:de,e2c56db5-dffb-48d2-b060-d0f5a71096e0,-54
2018-06-14 12:56:31.322390,251,2,1,c1:00:dd:00:01:de,e2c56db5-dffb-48d2-b060-d0f5a71096e0,-55
2018-06-14 12:56:31.525505,252,2,1,c1:00:dd:00:01:de,e2c56db5-dffb-48d2-b060-d0f5a71096e0,-45
2018-06-14 12:56:31.935259,253,2,1,c1:00:dd:00:01:de,e2c56db5-dffb-48d2-b060-d0f5a71096e0,-59
2018-06-14 12:56:32.136264,254,2,1,c1:00:dd:00:01:de,e2c56db5-dffb-48d2-b060-d0f5a71096e0,-56
2018-06-14 12:56:32.338526,255,2,1,c1:00:dd:00:01:de,e2c56db5-dffb-48d2-b060-d0f5a71096e0,-56
2018-06-14 12:56:32.745065,256,2,1,c1:00:dd:00:01:de,e2c56db5-dffb-48d2-b060-d0f5a71096e0,-58
2018-06-14 12:56:33.151787,257,2,1,c1:00:dd:00:01:de,e2c56db5-dffb-48d2-b060-d0f5a71096e0,-55
2018-06-14 12:56:33.358941,258,2,1,c1:00:dd:00:01:de,e2c56db5-dffb-48d2-b060-d0f5a71096e0,-55
2018-06-14 12:56:33.562332,259,2,1,c1:00:dd:00:01:de,e2c56db5-dffb-48d2-b060-d0f5a71096e0,-56
2018-06-14 12:56:33.765599,260,2,1,c1:00:dd:00:01:de,e2c56db5-dffb-48d2-b060-d0f5a71096e0,-42
2018-06-14 12:56:33.967404,261,2,1,c1:00:dd:00:01:de,e2c56db5-dffb-48d2-b060-d0f5a71096e0,-40
2018-06-14 12:56:34.168240,262,2,1,c1:00:dd:00:01:de,e2c56db5-dffb-48d2-b060-d0f5a71096e0,-55
2018-06-14 12:56:34.578307,263,2,1,c1:00:dd:00:01:de,e2c56db5-dffb-48d2-b060-d0f5a71096e0,-59
2018-06-14 12:56:34.782080,264,2,1,c1:00:dd:00:01:de,e2c56db5-dffb-48d2-b060-d0f5a71096e0,-55
2018-06-14 12:56:34.980235,265,2,1,c1:00:dd:00:01:de,e2c56db5-dffb-48d2-b060-d0f5a71096e0,-57
2018-06-14 12:56:35.182934,266,2,1,c1:00:dd:00:01:de,e2c56db5-dffb-48d2-b060-d0f5a71096e0,-55
2018-06-14 12:56:35.387218,267,2,1,c1:00:dd:00:01:de,e2c56db5-dffb-48d2-b060-d0f5a71096e0,-58
2018-06-14 12:56:35.588643,268,2,1,c1:00:dd:00:01:de,e2c56db5-dffb-48d2-b060-d0f5a71096e0,-58
2018-06-14 12:56:35.792988,269,2,1,c1:00:dd:00:01:de,e2c56db5-dffb-48d2-b060-d0f5a71096e0,-54
2018-06-14 12:56:35.992944,270,2,1,c1:00:dd:00:01:de,e2c56db5-dffb-48d2-b060-d0f5a71096e0,-57
2018-06-14 12:56:36.194911,271,2,1,c1:00:dd:00:01:de,e2c56db5-dffb-48d2-b060-d0f5a71096e0,-54
2018-06-14 12:56:36.407271,272,2,1,c1:00:dd:00:01:de,e2c56db5-dffb-48d2-b060-d0f5a71096e0,-59
2018-06-14 12:56:36.610505,273,2,1,c1:00:dd:00:01:de,e2c56db5-dffb-48d2-b060-d0f5a71096e0,-54
2018-06-14 12:56:36.814810,274,2,1,c1:00:dd:00:01:de,e2c56db5-dffb-48d2-b060-d0f5a71096e0,-40
2018-06-14 12:56:37.024000,275,2,1,c1:00:dd:00:01:de,e2c56db5-dffb-48d2-b060-d0f5a71096e0,-54
2018-06-14 12:56:37.439656,276,2,1,c1:00:dd:00:01:de,e2c56db5-dffb-48d2-b060-d0f5a71096e0,-46
2018-06-14 12:56:37.642465,277,2,1,c1:00:dd:00:01:de,e2c56db5-dffb-48d2-b060-d0f5a71096e0,-56
2018-06-14 12:56:37.847948,278,2,1,c1:00:dd:00:01:de,e2c56db5-dffb-48d2-b060-d0f5a71096e0,-42
2018-06-14 12:56:38.057687,279,2,1,c1:00:dd:00:01:de,e2c56db5-dffb-48d2-b060-d0f5a71096e0,-42
2018-06-14 12:56:38.262529,280,2,1,c1:00:dd:00:01:de,e2c56db5-dffb-48d2-b060-d0f5a71096e0,-59
2018-06-14 12:56:38.462381,281,2,1,c1:00:dd:00:01:de,e2c56db5-dffb-48d2-b060-d0f5a71096e0,-55
2018-06-14 12:56:38.655436,282,2,1,c1:00:dd:00:01:de,e2c56db5-dffb-48d2-b060-d0f5a71096e0,-45
2018-06-14 12:56:39.070011,283,2,1,c1:00:dd:00:01:de,e2c56db5-dffb-48d2-b060-d0f5a71096e0,-42
2018-06-14 12:56:39.284411,284,2,1,c1:00:dd:00:01:de,e2c56db5-dffb-48d2-b060-d0f5a71096e0,-60
2018-06-14 12:56:39.487467,285,2,1,c1:00:dd:00:01:de,e2c56db5-dffb-48d2-b060-d0f5a71096e0,-55
2018-06-14 12:56:39.696668,286,2,1,c1:00:dd:00:01:de,e2c56db5-dffb-48d2-b060-d0f5a71096e0,-54
2018-06-14 12:56:39.895910,287,2,1,c1:00:dd:00:01:de,e2c56db5-dffb-48d2-b060-d0f5a71096e0,-56
2018-06-14 12:56:40.104718,288,2,1,c1:00:dd:00:01:de,e2c56db5-dffb-48d2-b060-d0f5a71096e0,-56
2018-06-14 12:56:40.514650,289,2,1,c1:00:dd:00:01:de,e2c56db5-dffb-48d2-b060-d0f5a71096e0,-59
2018-06-14 12:56:40.714697,290,2,1,c1:00:dd:00:01:de,e2c56db5-dffb-48d2-b060-d0f5a71096e0,-55
2018-06-14 12:56:40.916903,291,2,1,c1:00:dd:00:01:de,e2c56db5-dffb-48d2-b060-d0f5a71096e0,-56
2018-06-14 12:56:41.324100,292,2,1,c1:00:dd:00:01:de,e2c56db5-dffb-48d2-b060-d0f5a71096e0,-42
2018-06-14 12:56:41.533401,293,2,1,c1:00:dd:00:01:de,e2c56db5-dffb-48d2-b060-d0f5a71096e0,-58
2018-06-14 12:56:41.735694,294,2,1,c1:00:dd:00:01:de,e2c56db5-dffb-48d2-b060-d0f5a71096e0,-54
2018-06-14 12:56:41.944357,295,2,1,c1:00:dd:00:01:de,e2c56db5-dffb-48d2-b060-d0f5a71096e0,-54
2018-06-14 12:56:42.148508,296,2,1,c1:00:dd:00:01:de,e2c56db5-dffb-48d2-b060-d0f5a71096e0,-56
2018-06-14 12:56:42.354908,297,2,1,c1:00:dd:00:01:de,e2c56db5-dffb-48d2-b060-d0f5a71096e0,-40
2018-06-14 12:56:42.549542,298,2,1,c1:00:dd:00:01:de,e2c56db5-dffb-48d2-b060-d0f5a71096e0,-58
2018-06-14 12:56:42.756190,299,2,1,c1:00:dd:00:01:de,e2c56db5-dffb-48d2-b060-d0f5a71096e0,-60
2018-06-14 12:56:42.957820,300,2,1,c1:00:dd:00:01:de,e2c56db5-dffb-48d2-b060-d0f5a71096e0,-54
2018-06-14 12:56:43.175166,301,2,1,c1:00:dd:00:01:de,e2c56db5-dffb-48d2-b060-d0f5a71096e0,-40
2018-06-14 12:56:43.380863,302,2,1,c1:00:dd:00:01:de,e2c56db5-dffb-48d2-b060-d0f5a71096e0,-54
2018-06-14 12:56:43.586967,303,2,1,c1:00:dd:00:01:de,e2c56db5-dffb-48d2-b060-d0f5a71096e0,-56
2018-06-14 12:56:43.999542,304,2,1,c1:00:dd:00:01:de,e2c56db5-dffb-48d2-b060-d0f5a71096e0,-69
2018-06-14 12:56:44.205778,305,2,1,c1:00:dd:00:01:de,e2c56db5-dffb-48d2-b060-d0f5a71096e0,-59
2018-06-14 12:56:44.403768,306,2,1,c1:00:dd:00:01:de,e2c56db5-dffb-48d2-b060-d0f5a71096e0,-54
2018-06-14 12:56:44.610461,307,2,1,c1:00:dd:00:01:de,e2c56db5-dffb-48d2-b060-d0f5a71096e0,-56
2018-06-14 12:56:44.812343,308,2,1,c1:00:dd:00:01:de,e2c56db5-dffb-48d2-b060-d0f5a71096e0,-45
2018-06-14 12:56:45.219363,309,2,1,c1:00:dd:00:01:de,e2c56db5-dffb-48d2-b060-d0f5a71096e0,-40
2018-06-14 12:56:45.428910,310,2,1,c1:00:dd:00:01:de,e2c56db5-dffb-48d2-b060-d0f5a71096e0,-55
2018-06-14 12:56:45.628347,311,2,1,c1:00:dd:00:01:de,e2c56db5-dffb-48d2-b060-d0f5a71096e0,-56
2018-06-14 12:56:45.837566,312,2,1,c1:00:dd:00:01:de,e2c56db5-dffb-48d2-b060-d0f5a71096e0,-56
2018-06-14 12:56:46.046409,313,2,1,c1:00:dd:00:01:de,e2c56db5-dffb-48d2-b060-d0f5a71096e0,-56
2018-06-14 12:56:46.445391,314,2,1,c1:00:dd:00:01:de,e2c56db5-dffb-48d2-b060-d0f5a71096e0,-59
2018-06-14 12:56:46.645103,315,2,1,c1:00:dd:00:01:de,e2c56db5-dffb-48d2-b060-d0f5a71096e0,-40
2018-06-14 12:56:46.855890,316,2,1,c1:00:dd:00:01:de,e2c56db5-dffb-48d2-b060-d0f5a71096e0,-57
2018-06-14 12:56:47.063714,317,2,1,c1:00:dd:00:01:de,e2c56db5-dffb-48d2-b060-d0f5a71096e0,-57
2018-06-14 12:56:47.269493,318,2,1,c1:00:dd:00:01:de,e2c56db5-dffb-48d2-b060-d0f5a71096e0,-42
2018-06-14 12:56:47.479522,319,2,1,c1:00:dd:00:01:de,e2c56db5-dffb-48d2-b060-d0f5a71096e0,-42
2018-06-14 12:56:47.682162,320,2,1,c1:00:dd:00:01:de,e2c56db5-dffb-48d2-b060-d0f5a71096e0,-59
2018-06-14 12:56:48.293842,321,2,1,c1:00:dd:00:01:de,e2c56db5-dffb-48d2-b060-d0f5a71096e0,-56
2018-06-14 12:56:48.503257,322,2,1,c1:00:dd:00:01:de,e2c56db5-dffb-48d2-b060-d0f5a71096e0,-56
2018-06-14 12:56:48.710162,323,2,1,c1:00:dd:00:01:de,e2c56db5-dffb-48d2-b060-d0f5a71096e0,-42
2018-06-14 12:56:48.913877,324,2,1,c1:00:dd:00:01:de,e2c56db5-dffb-48d2-b060-d0f5a71096e0,-42
2018-06-14 12:56:49.528575,325,2,1,c1:00:dd:00:01:de,e2c56db5-dffb-48d2-b060-d0f5a71096e0,-55
2018-06-14 12:56:49.728159,326,2,1,c1:00:dd:00:01:de,e2c56db5-dffb-48d2-b060-d0f5a71096e0,-45
2018-06-14 12:56:50.339598,327,2,1,c1:00:dd:00:01:de,e2c56db5-dffb-48d2-b060-d0f5a71096e0,-55
2018-06-14 12:56:50.554976,328,2,1,c1:00:dd:00:01:de,e2c56db5-dffb-48d2-b060-d0f5a71096e0,-55
2018-06-14 12:56:50.762476,329,2,1,c1:00:dd:00:01:de,e2c56db5-dffb-48d2-b060-d0f5a71096e0,-56
2018-06-14 12:56:50.963740,330,2,1,c1:00:dd:00:01:de,e2c56db5-dffb-48d2-b060-d0f5a71096e0,-57
2018-06-14 12:56:51.173342,331,2,1,c1:00:dd:00:01:de,e2c56db5-dffb-48d2-b060-d0f5a71096e0,-56
2018-06-14 12:56:51.377164,332,2,1,c1:00:dd:00:01:de,e2c56db5-dffb-48d2-b060-d0f5a71096e0,-58
2018-06-14 12:56:51.576782,333,2,1,c1:00:dd:00:01:de,e2c56db5-dffb-48d2-b060-d0f5a71096e0,-56
2018-06-14 12:56:51.975697,334,2,1,c1:00:dd:00:01:de,e2c56db5-dffb-48d2-b060-d0f5a71096e0,-45
2018-06-14 12:56:52.387212,335,2,1,c1:00:dd:00:01:de,e2c56db5-dffb-48d2-b060-d0f5a71096e0,-58
2018-06-14 12:56:52.594900,336,2,1,c1:00:dd:00:01:de,e2c56db5-dffb-48d2-b060-d0f5a71096e0,-55
2018-06-14 12:56:52.794123,337,2,1,c1:00:dd:00:01:de,e2c56db5-dffb-48d2-b060-d0f5a71096e0,-54
2018-06-14 12:56:52.996492,338,2,1,c1:00:dd:00:01:de,e2c56db5-dffb-48d2-b060-d0f5a71096e0,-54
2018-06-14 12:56:53.208381,339,2,1,c1:00:dd:00:01:de,e2c56db5-dffb-48d2-b060-d0f5a71096e0,-56
2018-06-14 12:56:53.412469,340,2,1,c1:00:dd:00:01:de,e2c56db5-dffb-48d2-b060-d0f5a71096e0,-42
2018-06-14 12:56:53.621718,341,2,1,c1:00:dd:00:01:de,e2c56db5-dffb-48d2-b060-d0f5a71096e0,-58
2018-06-14 12:56:53.828969,342,2,1,c1:00:dd:00:01:de,e2c56db5-dffb-48d2-b060-d0f5a71096e0,-40
2018-06-14 12:56:54.038930,343,2,1,c1:00:dd:00:01:de,e2c56db5-dffb-48d2-b060-d0f5a71096e0,-56
2018-06-14 12:56:54.240678,344,2,1,c1:00:dd:00:01:de,e2c56db5-dffb-48d2-b060-d0f5a71096e0,-56
2018-06-14 12:56:54.447330,345,2,1,c1:00:dd:00:01:de,e2c56db5-dffb-48d2-b060-d0f5a71096e0,-55
2018-06-14 12:56:54.649030,346,2,1,c1:00:dd:00:01:de,e2c56db5-dffb-48d2-b060-d0f5a71096e0,-56
2018-06-14 12:56:54.858270,347,2,1,c1:00:dd:00:01:de,e2c56db5-dffb-48d2-b060-d0f5a71096e0,-54
2018-06-14 12:56:55.074152,348,2,1,c1:00:dd:00:01:de,e2c56db5-dffb-48d2-b060-d0f5a71096e0,-56
2018-06-14 12:56:55.278897,349,2,1,c1:00:dd:00:01:de,e2c56db5-dffb-48d2-b060-d0f5a71096e0,-59
2018-06-14 12:56:55.485405,350,2,1,c1:00:dd:00:01:de,e2c56db5-dffb-48d2-b060-d0f5a71096e0,-58
2018-06-14 12:56:55.693176,351,2,1,c1:00:dd:00:01:de,e2c56db5-dffb-48d2-b060-d0f5a71096e0,-58
2018-06-14 12:56:55.894714,352,2,1,c1:00:dd:00:01:de,e2c56db5-dffb-48d2-b060-d0f5a71096e0,-56
2018-06-14 12:56:56.098735,353,2,1,c1:00:dd:00:01:de,e2c56db5-dffb-48d2-b060-d0f5a71096e0,-56
2018-06-14 12:56:56.303627,354,2,1,c1:00:dd:00:01:de,e2c56db5-dffb-48d2-b060-d0f5a71096e0,-56
2018-06-14 12:56:56.513415,355,2,1,c1:00:dd:00:01:de,e2c56db5-dffb-48d2-b060-d0f5a71096e0,-56
2018-06-14 12:56:56.715361,356,2,1,c1:00:dd:00:01:de,e2c56db5-dffb-48d2-b060-d0f5a71096e0,-56
2018-06-14 12:56:56.921316,357,2,1,c1:00:dd:00:01:de,e2c56db5-dffb-48d2-b060-d0f5a71096e0,-59
2018-06-14 12:56:57.127436,358,2,1,c1:00:dd:00:01:de,e2c56db5-dffb-48d2-b060-d0f5a71096e0,-58
2018-06-14 12:56:57.339309,359,2,1,c1:00:dd:00:01:de,e2c56db5-dffb-48d2-b060-d0f5a71096e0,-55
2018-06-14 12:56:57.543585,360,2,1,c1:00:dd:00:01:de,e2c56db5-dffb-48d2-b060-d0f5a71096e0,-56
2018-06-14 12:56:57.747661,361,2,1,c1:00:dd:00:01:de,e2c56db5-dffb-48d2-b060-d0f5a71096e0,-56
2018-06-14 12:56:58.776129,362,2,1,c1:00:dd:00:01:de,e2c56db5-dffb-48d2-b060-d0f5a71096e0,-40
2018-06-14 12:56:58.983776,363,2,1,c1:00:dd:00:01:de,e2c56db5-dffb-48d2-b060-d0f5a71096e0,-40
2018-06-14 12:56:59.186020,364,2,1,c1:00:dd:00:01:de,e2c56db5-dffb-48d2-b060-d0f5a71096e0,-56
2018-06-14 12:56:59.616881,365,2,1,c1:00:dd:00:01:de,e2c56db5-dffb-48d2-b060-d0f5a71096e0,-56
2018-06-14 12:57:00.429719,366,2,1,c1:00:dd:00:01:de,e2c56db5-dffb-48d2-b060-d0f5a71096e0,-56
2018-06-14 12:57:00.637478,367,2,1,c1:00:dd:00:01:de,e2c56db5-dffb-48d2-b060-d0f5a71096e0,-55
2018-06-14 12:57:00.837443,368,2,1,c1:00:dd:00:01:de,e2c56db5-dffb-48d2-b060-d0f5a71096e0,-56
2018-06-14 12:57:01.249327,369,2,1,c1:00:dd:00:01:de,e2c56db5-dffb-48d2-b060-d0f5a71096e0,-59
2018-06-14 12:57:01.458154,370,2,1,c1:00:dd:00:01:de,e2c56db5-dffb-48d2-b060-d0f5a71096e0,-42
2018-06-14 12:57:01.663329,371,2,1,c1:00:dd:00:01:de,e2c56db5-dffb-48d2-b060-d0f5a71096e0,-59
2018-06-14 12:57:01.866590,372,2,1,c1:00:dd:00:01:de,e2c56db5-dffb-48d2-b060-d0f5a71096e0,-55
2018-06-14 12:57:02.069543,373,2,1,c1:00:dd:00:01:de,e2c56db5-dffb-48d2-b060-d0f5a71096e0,-56
2018-06-14 12:57:02.273872,374,2,1,c1:00:dd:00:01:de,e2c56db5-dffb-48d2-b060-d0f5a71096e0,-56
2018-06-14 12:57:02.480693,375,2,1,c1:00:dd:00:01:de,e2c56db5-dffb-48d2-b060-d0f5a71096e0,-42
2018-06-14 12:57:02.683842,376,2,1,c1:00:dd:00:01:de,e2c56db5-dffb-48d2-b060-d0f5a71096e0,-55
2018-06-14 12:57:02.887259,377,2,1,c1:00:dd:00:01:de,e2c56db5-dffb-48d2-b060-d0f5a71096e0,-40
2018-06-14 12:57:03.291580,378,2,1,c1:00:dd:00:01:de,e2c56db5-dffb-48d2-b060-d0f5a71096e0,-58
2018-06-14 12:57:03.499145,379,2,1,c1:00:dd:00:01:de,e2c56db5-dffb-48d2-b060-d0f5a71096e0,-55
2018-06-14 12:57:04.097095,380,2,1,c1:00:dd:00:01:de,e2c56db5-dffb-48d2-b060-d0f5a71096e0,-59
2018-06-14 12:57:04.299820,381,2,1,c1:00:dd:00:01:de,e2c56db5-dffb-48d2-b060-d0f5a71096e0,-55
2018-06-14 12:57:04.504849,382,2,1,c1:00:dd:00:01:de,e2c56db5-dffb-48d2-b060-d0f5a71096e0,-55
2018-06-14 12:57:04.703871,383,2,1,c1:00:dd:00:01:de,e2c56db5-dffb-48d2-b060-d0f5a71096e0,-56
2018-06-14 12:57:05.127957,384,2,1,c1:00:dd:00:01:de,e2c56db5-dffb-48d2-b060-d0f5a71096e0,-58
2018-06-14 12:57:05.327516,385,2,1,c1:00:dd:00:01:de,e2c56db5-dffb-48d2-b060-d0f5a71096e0,-42
2018-06-14 12:57:05.533975,386,2,1,c1:00:dd:00:01:de,e2c56db5-dffb-48d2-b060-d0f5a71096e0,-58
2018-06-14 12:57:05.739313,387,2,1,c1:00:dd:00:01:de,e2c56db5-dffb-48d2-b060-d0f5a71096e0,-54
2018-06-14 12:57:05.942663,388,2,1,c1:00:dd:00:01:de,e2c56db5-dffb-48d2-b060-d0f5a71096e0,-55
2018-06-14 12:57:06.150151,389,2,1,c1:00:dd:00:01:de,e2c56db5-dffb-48d2-b060-d0f5a71096e0,-45
2018-06-14 12:57:06.557231,390,2,1,c1:00:dd:00:01:de,e2c56db5-dffb-48d2-b060-d0f5a71096e0,-59
2018-06-14 12:57:06.763644,391,2,1,c1:00:dd:00:01:de,e2c56db5-dffb-48d2-b060-d0f5a71096e0,-59
2018-06-14 12:57:06.969676,392,2,1,c1:00:dd:00:01:de,e2c56db5-dffb-48d2-b060-d0f5a71096e0,-54
2018-06-14 12:57:07.178674,393,2,1,c1:00:dd:00:01:de,e2c56db5-dffb-48d2-b060-d0f5a71096e0,-55
2018-06-14 12:57:07.387756,394,2,1,c1:00:dd:00:01:de,e2c56db5-dffb-48d2-b060-d0f5a71096e0,-40
2018-06-14 12:57:07.592639,395,2,1,c1:00:dd:00:01:de,e2c56db5-dffb-48d2-b060-d0f5a71096e0,-56
2018-06-14 12:57:07.796660,396,2,1,c1:00:dd:00:01:de,e2c56db5-dffb-48d2-b060-d0f5a71096e0,-56
2018-06-14 12:57:08.005951,397,2,1,c1:00:dd:00:01:de,e2c56db5-dffb-48d2-b060-d0f5a71096e0,-55
2018-06-14 12:57:08.415339,398,2,1,c1:00:dd:00:01:de,e2c56db5-dffb-48d2-b060-d0f5a71096e0,-59
2018-06-14 12:57:08.618246,399,2,1,c1:00:dd:00:01:de,e2c56db5-dffb-48d2-b060-d0f5a71096e0,-59
2018-06-14 12:57:08.825314,400,2,1,c1:00:dd:00:01:de,e2c56db5-dffb-48d2-b060-d0f5a71096e0,-42
2018-06-14 12:57:09.025693,401,2,1,c1:00:dd:00:01:de,e2c56db5-dffb-48d2-b060-d0f5a71096e0,-55
2018-06-14 12:57:09.239107,402,2,1,c1:00:dd:00:01:de,e2c56db5-dffb-48d2-b060-d0f5a71096e0,-55
2018-06-14 12:57:09.644044,403,2,1,c1:00:dd:00:01:de,e2c56db5-dffb-48d2-b060-d0f5a71096e0,-59
2018-06-14 12:57:09.847051,404,2,1,c1:00:dd:00:01:de,e2c56db5-dffb-48d2-b060-d0f5a71096e0,-55
2018-06-14 12:57:10.048654,405,2,1,c1:00:dd:00:01:de,e2c56db5-dffb-48d2-b060-d0f5a71096e0,-56
2018-06-14 12:57:10.460760,406,2,1,c1:00:dd:00:01:de,e2c56db5-dffb-48d2-b060-d0f5a71096e0,-59
2018-06-14 12:57:10.668412,407,2,1,c1:00:dd:00:01:de,e2c56db5-dffb-48d2-b060-d0f5a71096e0,-42
2018-06-14 12:57:11.082258,408,2,1,c1:00:dd:00:01:de,e2c56db5-dffb-48d2-b060-d0f5a71096e0,-59
2018-06-14 12:57:11.285020,409,2,1,c1:00:dd:00:01:de,e2c56db5-dffb-48d2-b060-d0f5a71096e0,-40
2018-06-14 12:57:11.494089,410,2,1,c1:00:dd:00:01:de,e2c56db5-dffb-48d2-b060-d0f5a71096e0,-40
2018-06-14 12:57:11.698986,411,2,1,c1:00:dd:00:01:de,e2c56db5-dffb-48d2-b060-d0f5a71096e0,-54
2018-06-14 12:57:12.107171,412,2,1,c1:00:dd:00:01:de,e2c56db5-dffb-48d2-b060-d0f5a71096e0,-59
2018-06-14 12:57:12.310813,413,2,1,c1:00:dd:00:01:de,e2c56db5-dffb-48d2-b060-d0f5a71096e0,-41
2018-06-14 12:57:12.516001,414,2,1,c1:00:dd:00:01:de,e2c56db5-dffb-48d2-b060-d0f5a71096e0,-56
2018-06-14 12:57:13.128765,415,2,1,c1:00:dd:00:01:de,e2c56db5-dffb-48d2-b060-d0f5a71096e0,-60
2018-06-14 12:57:13.338460,416,2,1,c1:00:dd:00:01:de,e2c56db5-dffb-48d2-b060-d0f5a71096e0,-58
2018-06-14 12:57:13.540715,417,2,1,c1:00:dd:00:01:de,e2c56db5-dffb-48d2-b060-d0f5a71096e0,-55
2018-06-14 12:57:13.750590,418,2,1,c1:00:dd:00:01:de,e2c56db5-dffb-48d2-b060-d0f5a71096e0,-55
2018-06-14 12:57:13.952058,419,2,1,c1:00:dd:00:01:de,e2c56db5-dffb-48d2-b060-d0f5a71096e0,-40
2018-06-14 12:57:14.159796,420,2,1,c1:00:dd:00:01:de,e2c56db5-dffb-48d2-b060-d0f5a71096e0,-56
2018-06-14 12:57:14.365058,421,2,1,c1:00:dd:00:01:de,e2c56db5-dffb-48d2-b060-d0f5a71096e0,-57
2018-06-14 12:57:14.570886,422,2,1,c1:00:dd:00:01:de,e2c56db5-dffb-48d2-b060-d0f5a71096e0,-59
2018-06-14 12:57:14.774914,423,2,1,c1:00:dd:00:01:de,e2c56db5-dffb-48d2-b060-d0f5a71096e0,-59
2018-06-14 12:57:14.984844,424,2,1,c1:00:dd:00:01:de,e2c56db5-dffb-48d2-b060-d0f5a71096e0,-59
2018-06-14 12:57:15.185414,425,2,1,c1:00:dd:00:01:de,e2c56db5-dffb-48d2-b060-d0f5a71096e0,-55
2018-06-14 12:57:15.392195,426,2,1,c1:00:dd:00:01:de,e2c56db5-dffb-48d2-b060-d0f5a71096e0,-40
2018-06-14 12:57:15.597055,427,2,1,c1:00:dd:00:01:de,e2c56db5-dffb-48d2-b060-d0f5a71096e0,-56
2018-06-14 12:57:16.003856,428,2,1,c1:00:dd:00:01:de,e2c56db5-dffb-48d2-b060-d0f5a71096e0,-59
2018-06-14 12:57:16.206133,429,2,1,c1:00:dd:00:01:de,e2c56db5-dffb-48d2-b060-d0f5a71096e0,-55
2018-06-14 12:57:16.415555,430,2,1,c1:00:dd:00:01:de,e2c56db5-dffb-48d2-b060-d0f5a71096e0,-40
2018-06-14 12:57:16.616707,431,2,1,c1:00:dd:00:01:de,e2c56db5-dffb-48d2-b060-d0f5a71096e0,-56
2018-06-14 12:57:16.825080,432,2,1,c1:00:dd:00:01:de,e2c56db5-dffb-48d2-b060-d0f5a71096e0,-56
2018-06-14 12:57:17.032759,433,2,1,c1:00:dd:00:01:de,e2c56db5-dffb-48d2-b060-d0f5a71096e0,-56
2018-06-14 12:57:17.239384,434,2,1,c1:00:dd:00:01:de,e2c56db5-dffb-48d2-b060-d0f5a71096e0,-57
2018-06-14 12:57:17.444315,435,2,1,c1:00:dd:00:01:de,e2c56db5-dffb-48d2-b060-d0f5a71096e0,-58
2018-06-14 12:57:17.649125,436,2,1,c1:00:dd:00:01:de,e2c56db5-dffb-48d2-b060-d0f5a71096e0,-40
2018-06-14 12:57:17.853164,437,2,1,c1:00:dd:00:01:de,e2c56db5-dffb-48d2-b060-d0f5a71096e0,-54
2018-06-14 12:57:18.055099,438,2,1,c1:00:dd:00:01:de,e2c56db5-dffb-48d2-b060-d0f5a71096e0,-40
2018-06-14 12:57:18.464757,439,2,1,c1:00:dd:00:01:de,e2c56db5-dffb-48d2-b060-d0f5a71096e0,-41
2018-06-14 12:57:18.869975,440,2,1,c1:00:dd:00:01:de,e2c56db5-dffb-48d2-b060-d0f5a71096e0,-56
2018-06-14 12:57:19.078094,441,2,1,c1:00:dd:00:01:de,e2c56db5-dffb-48d2-b060-d0f5a71096e0,-56
2018-06-14 12:57:19.283081,442,2,1,c1:00:dd:00:01:de,e2c56db5-dffb-48d2-b060-d0f5a71096e0,-56
2018-06-14 12:57:19.490145,443,2,1,c1:00:dd:00:01:de,e2c56db5-dffb-48d2-b060-d0f5a71096e0,-41
2018-06-14 12:57:19.697771,444,2,1,c1:00:dd:00:01:de,e2c56db5-dffb-48d2-b060-d0f5a71096e0,-59
2018-06-14 12:57:19.907795,445,2,1,c1:00:dd:00:01:de,e2c56db5-dffb-48d2-b060-d0f5a71096e0,-58
2018-06-14 12:57:20.109920,446,2,1,c1:00:dd:00:01:de,e2c56db5-dffb-48d2-b060-d0f5a71096e0,-55
2018-06-14 12:57:20.316099,447,2,1,c1:00:dd:00:01:de,e2c56db5-dffb-48d2-b060-d0f5a71096e0,-51
2018-06-14 12:57:20.518179,448,2,1,c1:00:dd:00:01:de,e2c56db5-dffb-48d2-b060-d0f5a71096e0,-46
2018-06-14 12:57:20.725260,449,2,1,c1:00:dd:00:01:de,e2c56db5-dffb-48d2-b060-d0f5a71096e0,-54
2018-06-14 12:57:20.928777,450,2,1,c1:00:dd:00:01:de,e2c56db5-dffb-48d2-b060-d0f5a71096e0,-57
2018-06-14 12:57:21.136582,451,2,1,c1:00:dd:00:01:de,e2c56db5-dffb-48d2-b060-d0f5a71096e0,-59
2018-06-14 12:57:21.336654,452,2,1,c1:00:dd:00:01:de,e2c56db5-dffb-48d2-b060-d0f5a71096e0,-40
2018-06-14 12:57:21.543951,453,2,1,c1:00:dd:00:01:de,e2c56db5-dffb-48d2-b060-d0f5a71096e0,-45
2018-06-14 12:57:21.746496,454,2,1,c1:00:dd:00:01:de,e2c56db5-dffb-48d2-b060-d0f5a71096e0,-46
2018-06-14 12:57:21.949535,455,2,1,c1:00:dd:00:01:de,e2c56db5-dffb-48d2-b060-d0f5a71096e0,-59
2018-06-14 12:57:22.155139,456,2,1,c1:00:dd:00:01:de,e2c56db5-dffb-48d2-b060-d0f5a71096e0,-55
2018-06-14 12:57:22.363585,457,2,1,c1:00:dd:00:01:de,e2c56db5-dffb-48d2-b060-d0f5a71096e0,-54
2018-06-14 12:57:22.570867,458,2,1,c1:00:dd:00:01:de,e2c56db5-dffb-48d2-b060-d0f5a71096e0,-54
2018-06-14 12:57:22.779826,459,2,1,c1:00:dd:00:01:de,e2c56db5-dffb-48d2-b060-d0f5a71096e0,-39
2018-06-14 12:57:22.974136,460,2,1,c1:00:dd:00:01:de,e2c56db5-dffb-48d2-b060-d0f5a71096e0,-57
2018-06-14 12:57:23.195662,461,2,1,c1:00:dd:00:01:de,e2c56db5-dffb-48d2-b060-d0f5a71096e0,-42
2018-06-14 12:57:23.380342,462,2,1,c1:00:dd:00:01:de,e2c56db5-dffb-48d2-b060-d0f5a71096e0,-55
2018-06-14 12:57:23.585540,463,2,1,c1:00:dd:00:01:de,e2c56db5-dffb-48d2-b060-d0f5a71096e0,-55
2018-06-14 12:57:23.784844,464,2,1,c1:00:dd:00:01:de,e2c56db5-dffb-48d2-b060-d0f5a71096e0,-56
2018-06-14 12:57:24.207729,465,2,1,c1:00:dd:00:01:de,e2c56db5-dffb-48d2-b060-d0f5a71096e0,-57
2018-06-14 12:57:24.407287,466,2,1,c1:00:dd:00:01:de,e2c56db5-dffb-48d2-b060-d0f5a71096e0,-55
2018-06-14 12:57:24.615451,467,2,1,c1:00:dd:00:01:de,e2c56db5-dffb-48d2-b060-d0f5a71096e0,-40
2018-06-14 12:57:24.821988,468,2,1,c1:00:dd:00:01:de,e2c56db5-dffb-48d2-b060-d0f5a71096e0,-54
2018-06-14 12:57:25.027557,469,2,1,c1:00:dd:00:01:de,e2c56db5-dffb-48d2-b060-d0f5a71096e0,-57
2018-06-14 12:57:25.222975,470,2,1,c1:00:dd:00:01:de,e2c56db5-dffb-48d2-b060-d0f5a71096e0,-56
2018-06-14 12:57:25.430931,471,2,1,c1:00:dd:00:01:de,e2c56db5-dffb-48d2-b060-d0f5a71096e0,-58
2018-06-14 12:57:25.639833,472,2,1,c1:00:dd:00:01:de,e2c56db5-dffb-48d2-b060-d0f5a71096e0,-59
2018-06-14 12:57:26.039054,473,2,1,c1:00:dd:00:01:de,e2c56db5-dffb-48d2-b060-d0f5a71096e0,-54
2018-06-14 12:57:26.240855,474,2,1,c1:00:dd:00:01:de,e2c56db5-dffb-48d2-b060-d0f5a71096e0,-56
2018-06-14 12:57:26.654298,475,2,1,c1:00:dd:00:01:de,e2c56db5-dffb-48d2-b060-d0f5a71096e0,-59
2018-06-14 12:57:26.859802,476,2,1,c1:00:dd:00:01:de,e2c56db5-dffb-48d2-b060-d0f5a71096e0,-54
2018-06-14 12:57:27.063582,477,2,1,c1:00:dd:00:01:de,e2c56db5-dffb-48d2-b060-d0f5a71096e0,-40
2018-06-14 12:57:27.272701,478,2,1,c1:00:dd:00:01:de,e2c56db5-dffb-48d2-b060-d0f5a71096e0,-56
2018-06-14 12:57:27.477626,479,2,1,c1:00:dd:00:01:de,e2c56db5-dffb-48d2-b060-d0f5a71096e0,-45
2018-06-14 12:57:27.684677,480,2,1,c1:00:dd:00:01:de,e2c56db5-dffb-48d2-b060-d0f5a71096e0,-55
2018-06-14 12:57:27.890527,481,2,1,c1:00:dd:00:01:de,e2c56db5-dffb-48d2-b060-d0f5a71096e0,-57
2018-06-14 12:57:28.100256,482,2,1,c1:00:dd:00:01:de,e2c56db5-dffb-48d2-b060-d0f5a71096e0,-59
2018-06-14 12:57:28.308076,483,2,1,c1:00:dd:00:01:de,e2c56db5-dffb-48d2-b060-d0f5a71096e0,-59
2018-06-14 12:57:28.516358,484,2,1,c1:00:dd:00:01:de,e2c56db5-dffb-48d2-b060-d0f5a71096e0,-59
2018-06-14 12:57:28.713820,485,2,1,c1:00:dd:00:01:de,e2c56db5-dffb-48d2-b060-d0f5a71096e0,-55
2018-06-14 12:57:28.921049,486,2,1,c1:00:dd:00:01:de,e2c56db5-dffb-48d2-b060-d0f5a71096e0,-55
2018-06-14 12:57:29.538244,487,2,1,c1:00:dd:00:01:de,e2c56db5-dffb-48d2-b060-d0f5a71096e0,-58
2018-06-14 12:57:29.739933,488,2,1,c1:00:dd:00:01:de,e2c56db5-dffb-48d2-b060-d0f5a71096e0,-55
2018-06-14 12:57:29.946307,489,2,1,c1:00:dd:00:01:de,e2c56db5-dffb-48d2-b060-d0f5a71096e0,-45
2018-06-14 12:57:30.152238,490,2,1,c1:00:dd:00:01:de,e2c56db5-dffb-48d2-b060-d0f5a71096e0,-56
2018-06-14 12:57:30.356446,491,2,1,c1:00:dd:00:01:de,e2c56db5-dffb-48d2-b060-d0f5a71096e0,-58
2018-06-14 12:57:30.558367,492,2,1,c1:00:dd:00:01:de,e2c56db5-dffb-48d2-b060-d0f5a71096e0,-57
2018-06-14 12:57:30.765712,493,2,1,c1:00:dd:00:01:de,e2c56db5-dffb-48d2-b060-d0f5a71096e0,-41
2018-06-14 12:57:30.969398,494,2,1,c1:00:dd:00:01:de,e2c56db5-dffb-48d2-b060-d0f5a71096e0,-55
2018-06-14 12:57:31.175150,495,2,1,c1:00:dd:00:01:de,e2c56db5-dffb-48d2-b060-d0f5a71096e0,-55
2018-06-14 12:57:31.381923,496,2,1,c1:00:dd:00:01:de,e2c56db5-dffb-48d2-b060-d0f5a71096e0,-46
2018-06-14 12:57:31.578574,497,2,1,c1:00:dd:00:01:de,e2c56db5-dffb-48d2-b060-d0f5a71096e0,-56
2018-06-14 12:57:31.783955,498,2,1,c1:00:dd:00:01:de,e2c56db5-dffb-48d2-b060-d0f5a71096e0,-58
2018-06-14 12:57:31.990870,499,2,1,c1:00:dd:00:01:de,e2c56db5-dffb-48d2-b060-d0f5a71096e0,-41
2018-06-14 12:57:32.207266,500,2,1,c1:00:dd:00:01:de,e2c56db5-dffb-48d2-b060-d0f5a71096e0,-55
2018-06-14 12:57:32.396225,501,2,1,c1:00:dd:00:01:de,e2c56db5-dffb-48d2-b060-d0f5a71096e0,-56
2018-06-14 12:57:33.231583,502,2,1,c1:00:dd:00:01:de,e2c56db5-dffb-48d2-b060-d0f5a71096e0,-59
2018-06-14 12:57:33.431950,503,2,1,c1:00:dd:00:01:de,e2c56db5-dffb-48d2-b060-d0f5a71096e0,-55
2018-06-14 12:57:33.637843,504,2,1,c1:00:dd:00:01:de,e2c56db5-dffb-48d2-b060-d0f5a71096e0,-55
2018-06-14 12:57:33.843657,505,2,1,c1:00:dd:00:01:de,e2c56db5-dffb-48d2-b060-d0f5a71096e0,-40
2018-06-14 12:57:34.047085,506,2,1,c1:00:dd:00:01:de,e2c56db5-dffb-48d2-b060-d0f5a71096e0,-56
2018-06-14 12:57:34.459168,507,2,1,c1:00:dd:00:01:de,e2c56db5-dffb-48d2-b060-d0f5a71096e0,-57
2018-06-14 12:57:34.657694,508,2,1,c1:00:dd:00:01:de,e2c56db5-dffb-48d2-b060-d0f5a71096e0,-54
2018-06-14 12:57:34.859077,509,2,1,c1:00:dd:00:01:de,e2c56db5-dffb-48d2-b060-d0f5a71096e0,-55
2018-06-14 12:57:35.276533,510,2,1,c1:00:dd:00:01:de,e2c56db5-dffb-48d2-b060-d0f5a71096e0,-58
2018-06-14 12:57:35.470535,511,2,1,c1:00:dd:00:01:de,e2c56db5-dffb-48d2-b060-d0f5a71096e0,-57
2018-06-14 12:57:35.878333,512,2,1,c1:00:dd:00:01:de,e2c56db5-dffb-48d2-b060-d0f5a71096e0,-40
2018-06-14 12:57:36.098013,513,2,1,c1:00:dd:00:01:de,e2c56db5-dffb-48d2-b060-d0f5a71096e0,-55
2018-06-14 12:57:36.304575,514,2,1,c1:00:dd:00:01:de,e2c56db5-dffb-48d2-b060-d0f5a71096e0,-57
2018-06-14 12:57:36.508167,515,2,1,c1:00:dd:00:01:de,e2c56db5-dffb-48d2-b060-d0f5a71096e0,-45
2018-06-14 12:57:36.932120,516,2,1,c1:00:dd:00:01:de,e2c56db5-dffb-48d2-b060-d0f5a71096e0,-59
2018-06-14 12:57:37.319034,517,2,1,c1:00:dd:00:01:de,e2c56db5-dffb-48d2-b060-d0f5a71096e0,-55
2018-06-14 12:57:37.730443,518,2,1,c1:00:dd:00:01:de,e2c56db5-dffb-48d2-b060-d0f5a71096e0,-59
2018-06-14 12:57:37.931660,519,2,1,c1:00:dd:00:01:de,e2c56db5-dffb-48d2-b060-d0f5a71096e0,-59
2018-06-14 12:57:38.134028,520,2,1,c1:00:dd:00:01:de,e2c56db5-dffb-48d2-b060-d0f5a71096e0,-55
2018-06-14 12:57:38.337738,521,2,1,c1:00:dd:00:01:de,e2c56db5-dffb-48d2-b060-d0f5a71096e0,-55
2018-06-14 12:57:38.554026,522,2,1,c1:00:dd:00:01:de,e2c56db5-dffb-48d2-b060-d0f5a71096e0,-56
2018-06-14 12:57:38.747971,523,2,1,c1:00:dd:00:01:de,e2c56db5-dffb-48d2-b060-d0f5a71096e0,-55
2018-06-14 12:57:38.954735,524,2,1,c1:00:dd:00:01:de,e2c56db5-dffb-48d2-b060-d0f5a71096e0,-59
2018-06-14 12:57:39.368557,525,2,1,c1:00:dd:00:01:de,e2c56db5-dffb-48d2-b060-d0f5a71096e0,-55
2018-06-14 12:57:39.573911,526,2,1,c1:00:dd:00:01:de,e2c56db5-dffb-48d2-b060-d0f5a71096e0,-55
2018-06-14 12:57:39.789274,527,2,1,c1:00:dd:00:01:de,e2c56db5-dffb-48d2-b060-d0f5a71096e0,-55
2018-06-14 12:57:40.176851,528,2,1,c1:00:dd:00:01:de,e2c56db5-dffb-48d2-b060-d0f5a71096e0,-42
2018-06-14 12:57:40.383783,529,2,1,c1:00:dd:00:01:de,e2c56db5-dffb-48d2-b060-d0f5a71096e0,-55
2018-06-14 12:57:40.596714,530,2,1,c1:00:dd:00:01:de,e2c56db5-dffb-48d2-b060-d0f5a71096e0,-55
2018-06-14 12:57:40.800348,531,2,1,c1:00:dd:00:01:de,e2c56db5-dffb-48d2-b060-d0f5a71096e0,-56
2018-06-14 12:57:41.207786,532,2,1,c1:00:dd:00:01:de,e2c56db5-dffb-48d2-b060-d0f5a71096e0,-58
2018-06-14 12:57:41.407678,533,2,1,c1:00:dd:00:01:de,e2c56db5-dffb-48d2-b060-d0f5a71096e0,-55
2018-06-14 12:57:41.809449,534,2,1,c1:00:dd:00:01:de,e2c56db5-dffb-48d2-b060-d0f5a71096e0,-57
2018-06-14 12:57:42.016855,535,2,1,c1:00:dd:00:01:de,e2c56db5-dffb-48d2-b060-d0f5a71096e0,-56
2018-06-14 12:57:42.231083,536,2,1,c1:00:dd:00:01:de,e2c56db5-dffb-48d2-b060-d0f5a71096e0,-52
2018-06-14 12:57:42.436675,537,2,1,c1:00:dd:00:01:de,e2c56db5-dffb-48d2-b060-d0f5a71096e0,-59
2018-06-14 12:57:42.845466,538,2,1,c1:00:dd:00:01:de,e2c56db5-dffb-48d2-b060-d0f5a71096e0,-51
2018-06-14 12:57:43.048632,539,2,1,c1:00:dd:00:01:de,e2c56db5-dffb-48d2-b060-d0f5a71096e0,-46
2018-06-14 12:57:43.255211,540,2,1,c1:00:dd:00:01:de,e2c56db5-dffb-48d2-b060-d0f5a71096e0,-55
2018-06-14 12:57:43.463575,541,2,1,c1:00:dd:00:01:de,e2c56db5-dffb-48d2-b060-d0f5a71096e0,-57
2018-06-14 12:57:43.890184,542,2,1,c1:00:dd:00:01:de,e2c56db5-dffb-48d2-b060-d0f5a71096e0,-58
2018-06-14 12:57:44.098266,543,2,1,c1:00:dd:00:01:de,e2c56db5-dffb-48d2-b060-d0f5a71096e0,-59
2018-06-14 12:57:44.295256,544,2,1,c1:00:dd:00:01:de,e2c56db5-dffb-48d2-b060-d0f5a71096e0,-59
2018-06-14 12:57:44.491152,545,2,1,c1:00:dd:00:01:de,e2c56db5-dffb-48d2-b060-d0f5a71096e0,-55
2018-06-14 12:57:44.694677,546,2,1,c1:00:dd:00:01:de,e2c56db5-dffb-48d2-b060-d0f5a71096e0,-56
2018-06-14 12:57:45.105413,547,2,1,c1:00:dd:00:01:de,e2c56db5-dffb-48d2-b060-d0f5a71096e0,-59
2018-06-14 12:57:45.318923,548,2,1,c1:00:dd:00:01:de,e2c56db5-dffb-48d2-b060-d0f5a71096e0,-40
2018-06-14 12:57:45.508988,549,2,1,c1:00:dd:00:01:de,e2c56db5-dffb-48d2-b060-d0f5a71096e0,-55
2018-06-14 12:57:45.718249,550,2,1,c1:00:dd:00:01:de,e2c56db5-dffb-48d2-b060-d0f5a71096e0,-55
end saving
2018-06-14 12:57:45.922601,551,2,1,c1:00:dd:00:01:de,e2c56db5-dffb-48d2-b060-d0f5a71096e0,-57
2018-06-14 12:57:46.134916,552,2,1,c1:00:dd:00:01:de,e2c56db5-dffb-48d2-b060-d0f5a71096e0,-57
2018-06-14 12:57:46.334136,553,2,1,c1:00:dd:00:01:de,e2c56db5-dffb-48d2-b060-d0f5a71096e0,-58
2018-06-14 12:57:46.543817,554,2,1,c1:00:dd:00:01:de,e2c56db5-dffb-48d2-b060-d0f5a71096e0,-42
2018-06-14 12:57:46.742923,555,2,1,c1:00:dd:00:01:de,e2c56db5-dffb-48d2-b060-d0f5a71096e0,-55
2018-06-14 12:57:46.955784,556,2,1,c1:00:dd:00:01:de,e2c56db5-dffb-48d2-b060-d0f5a71096e0,-54
2018-06-14 12:57:47.163891,557,2,1,c1:00:dd:00:01:de,e2c56db5-dffb-48d2-b060-d0f5a71096e0,-55
2018-06-14 12:57:47.363653,558,2,1,c1:00:dd:00:01:de,e2c56db5-dffb-48d2-b060-d0f5a71096e0,-58
2018-06-14 12:57:47.567228,559,2,1,c1:00:dd:00:01:de,e2c56db5-dffb-48d2-b060-d0f5a71096e0,-57
2018-06-14 12:57:47.973886,560,2,1,c1:00:dd:00:01:de,e2c56db5-dffb-48d2-b060-d0f5a71096e0,-56
2018-06-14 12:57:48.191115,561,2,1,c1:00:dd:00:01:de,e2c56db5-dffb-48d2-b060-d0f5a71096e0,-56
2018-06-14 12:57:48.783722,562,2,1,c1:00:dd:00:01:de,e2c56db5-dffb-48d2-b060-d0f5a71096e0,-55
2018-06-14 12:57:49.217369,563,2,1,c1:00:dd:00:01:de,e2c56db5-dffb-48d2-b060-d0f5a71096e0,-55
2018-06-14 12:57:49.408884,564,2,1,c1:00:dd:00:01:de,e2c56db5-dffb-48d2-b060-d0f5a71096e0,-56
2018-06-14 12:57:49.617588,565,2,1,c1:00:dd:00:01:de,e2c56db5-dffb-48d2-b060-d0f5a71096e0,-57
2018-06-14 12:57:49.837344,566,2,1,c1:00:dd:00:01:de,e2c56db5-dffb-48d2-b060-d0f5a71096e0,-40
2018-06-14 12:57:50.029175,567,2,1,c1:00:dd:00:01:de,e2c56db5-dffb-48d2-b060-d0f5a71096e0,-42
2018-06-14 12:57:50.233359,568,2,1,c1:00:dd:00:01:de,e2c56db5-dffb-48d2-b060-d0f5a71096e0,-53
2018-06-14 12:57:50.435633,569,2,1,c1:00:dd:00:01:de,e2c56db5-dffb-48d2-b060-d0f5a71096e0,-55
2018-06-14 12:57:50.645302,570,2,1,c1:00:dd:00:01:de,e2c56db5-dffb-48d2-b060-d0f5a71096e0,-54
